10,31
10,267
10,187
10,283
10,213
10,215
10,129
10,285
10,2
10,3
11,5
11,11
11,2
11,3
9,5
9,7
9,2
9,3
8,15
8,11
8,4
8,10
8,18
48,4
48,3
48,2
48,1
48,0
47,3
47,2
47,1
47,0
46,3
46,2
46,1
46,0
45,5
45,4
45,3
45,2
45,1
45,0
44,4
44,3
44,2
44,1
44,0
42,5
42,4
42,3
42,2
42,1
42,0
39,5
39,4
39,3
39,2
39,1
39,0
37,5
37,4
37,3
37,2
37,1
37,0
35,5
35,4
35,3
35,1
33,3
33,1
28,5
28,3
28,1
25,3
25,1
20,3
20,2
20,1
19,3
19,2
19,1
12,3
12,2
12,1
11,29
11,28
11,27
11,25
11,23
11,21
11,17
11,16
11,15
11,13
11,12
11,10
11,1
11,8
18,1
10,242
18,3
10,234
10,220
10,174
14,1
10,162
14,3
